California,Florina,New York,R&D Spend,Administration,Marketing Spend,Profit,Predicted Profit,Difference Profit vs Predicted Profit
0.0,0.0,1.0,165349.2,136897.8,471784.1,192261.83,192991.3736219771,-729.5436219771218
1.0,0.0,0.0,162597.7,151377.59,443898.53,191792.06,188952.5137350767,2839.546264923294
0.0,1.0,0.0,153441.51,101145.55,407934.54,191050.39,181273.4883656429,9776.901634357113
0.0,0.0,1.0,144372.41,118671.85,383199.62,182901.99,173973.26346306613,8928.726536933857
1.0,0.0,0.0,142107.34,91391.77,366168.42,166187.94,171567.55103333597,-5379.611033335968
0.0,0.0,1.0,131876.9,99814.71,362861.36,156991.12,163826.05439569085,-6834.934395690856
1.0,0.0,0.0,134615.46,147198.87,127716.82,156122.51,156994.13280024586,-871.622800245852
0.0,0.0,1.0,130298.13,145530.06,323876.68,155752.6,160365.2717934417,-4612.671793441696
0.0,0.0,1.0,120542.52,148718.95,311613.29,152211.77,152165.2082914788,46.56170852118521
1.0,0.0,0.0,123334.88,108679.17,304981.62,149759.96,154377.97605383818,-4618.01605383819
1.0,0.0,0.0,101913.08,110594.11,229160.95,146121.95,134964.10857288347,11157.841427116538
0.0,1.0,0.0,100671.96,91790.61,249744.55,144259.4,134644.52148709094,9614.878512909054
1.0,0.0,0.0,93863.75,127320.38,249839.44,141585.52,128847.81299432242,12737.70700567757
1.0,0.0,0.0,91992.39,135495.07,252664.93,134307.35,127270.9391594854,7036.410840514611
0.0,1.0,0.0,119943.24,156547.42,256512.92,132602.65,148753.0398370633,-16150.389837063296
0.0,0.0,1.0,114523.61,122616.84,261776.23,129917.04,146404.46336394915,-16487.423363949158
1.0,0.0,0.0,78013.11,121597.55,264346.06,126992.93,116831.55788825083,10161.372111749166
0.0,0.0,1.0,94657.16,145077.58,282574.31,125370.37,130779.64941603871,-5409.279416038713
0.0,0.0,1.0,91749.16,114175.79,294919.57,124266.9,129526.1194142852,-5259.2194142852095
0.0,1.0,0.0,86419.7,153514.11,0.0,122776.86,114221.13469513945,8555.725304860549
1.0,0.0,0.0,76253.86,113867.3,298664.47,118474.03,116668.36216073958,1805.6678392604226
0.0,0.0,1.0,78389.47,153773.43,299737.29,111313.02,118200.54381542397,-6887.523815423963
1.0,0.0,0.0,73994.56,122782.75,303319.26,110352.25,114823.99922863793,-4471.749228637927
1.0,0.0,0.0,67532.53,105751.03,304768.73,108733.99,110106.66585726684,-1372.6758572668332
0.0,0.0,1.0,77044.01,99281.34,140574.81,108552.04,113374.98500386975,-4822.945003869754
1.0,0.0,0.0,64664.71,139553.16,137962.62,107404.34,101911.17235448294,5493.167645517053
0.0,0.0,1.0,75328.87,144135.98,134050.07,105733.54,110832.84208999368,-5099.302089993682
0.0,0.0,1.0,72107.6,127864.55,353183.81,105008.31,115434.73937529151,-10426.429375291511
0.0,1.0,0.0,66051.52,182645.56,118148.2,103282.38,101076.20064301096,2206.1793569890433
0.0,0.0,1.0,65605.48,153032.06,107138.38,101004.64,102079.07875804292,-1074.4387580429175
0.0,0.0,1.0,61994.48,115641.28,91131.24,99937.59,99527.79708982023,409.79291017976357
0.0,0.0,1.0,61136.38,152701.92,88218.23,97483.56,97948.42005947718,-464.86005947718513
1.0,0.0,0.0,63408.86,129219.61,46085.25,97427.84,98284.86815432334,-857.0281543233432
0.0,0.0,1.0,55493.95,103057.49,214634.81,96778.92,98474.05965428331,-1695.13965428331
0.0,1.0,0.0,46426.07,157693.92,210797.67,96712.8,88907.28721098624,7805.512789013766
0.0,0.0,1.0,46014.02,85047.44,205517.64,96479.51,91052.4600274425,5427.049972557492
0.0,0.0,1.0,28663.76,127056.21,201126.82,90708.19,76218.30069248032,14489.889307519683
1.0,0.0,0.0,44069.95,51283.14,197029.42,89949.14,89308.33018496793,640.809815032073
0.0,0.0,1.0,20229.59,65947.93,185265.1,81229.06,70356.69126526364,10872.36873473636
1.0,0.0,0.0,38558.51,82982.09,174999.3,81005.76,83555.41429772796,-2549.6542977279605
0.0,1.0,0.0,28754.33,118546.05,172795.67,78239.91,74541.48348455373,3698.4265154462773
1.0,0.0,0.0,27892.92,84710.77,164470.71,77798.83,74718.16687234196,3080.6631276580447
1.0,0.0,0.0,23640.93,96189.63,148001.11,71498.49,70578.87425952191,919.615740478097
0.0,0.0,1.0,15505.73,127382.3,35534.17,69758.98,60615.28161915911,9143.698380840884
1.0,0.0,0.0,22177.74,154806.14,28334.72,65200.33,64422.884839951366,777.4451600486354
0.0,0.0,1.0,1000.23,124153.04,1903.93,64926.08,48118.1147442815,16807.965255718504
0.0,1.0,0.0,1315.46,115816.21,297114.46,49490.75,56665.35733729776,-7174.607337297763
1.0,0.0,0.0,0.0,135426.92,0.0,42559.73,46347.26770088305,-3787.5377008830474
0.0,0.0,1.0,542.05,51743.15,0.0,35673.41,49272.20394633685,-13598.793946336846
1.0,0.0,0.0,0.0,116983.8,45173.06,14681.4,48152.084950896926,-33470.684950896924
